<svg version="1.1" id="Layer_1" xmlns="http://www.w3.org/2000/svg" xmlns:xlink="http://www.w3.org/1999/xlink" x="0px" y="0px"
	 width="100%" viewBox="0 0 402 406" enable-background="new 0 0 402 406" xml:space="preserve">
<path fill="#212221" opacity="1.000000" stroke="none" 
	d="
M1.000000,12.000000 
	C1.000000,8.334702 1.000000,4.669405 1.000000,1.003081 
	C134.948593,1.002054 268.897186,1.002054 402.922882,1.002054 
	C402.922882,136.231339 402.922882,271.462738 402.922882,406.847046 
	C269.000153,406.847046 135.000092,406.847046 1.000000,406.847046 
	C1.000000,403.624054 1.000000,400.291931 1.293629,396.649414 
	C3.975696,400.908386 7.458412,403.976440 12.861825,403.977173 
	C29.571527,403.979370 46.281242,403.890228 63.456234,403.903809 
	C171.738495,403.980652 279.555481,403.997192 387.372467,403.987000 
	C396.353424,403.986145 400.959991,399.398560 400.985840,390.484924 
	C401.034607,373.654236 401.018402,356.823334 400.996704,339.992554 
	C400.956299,308.667206 400.892578,277.341827 400.908691,245.620178 
	C400.933075,244.161163 400.887299,243.098450 400.909485,241.569183 
	C400.985260,167.306244 400.994019,93.509865 401.000031,19.713484 
	C401.000977,7.772384 397.181000,3.999975 385.088318,3.999835 
	C262.649506,3.998415 140.210648,4.046006 17.772062,3.881415 
	C10.470828,3.871600 4.743325,5.460627 1.000000,12.000000 
z"/>
<path fill="#6CC4FA" opacity="1.000000" stroke="none" 
	d="
M1.000000,12.468657 
	C4.743325,5.460627 10.470828,3.871600 17.772062,3.881415 
	C140.210648,4.046006 262.649506,3.998415 385.088318,3.999835 
	C397.181000,3.999975 401.000977,7.772384 401.000031,19.713484 
	C400.994019,93.509865 400.985260,167.306244 400.598633,241.558960 
	C399.809479,241.961258 399.399048,241.907227 398.991272,241.394897 
	C398.995605,167.298553 398.999390,93.660500 398.996674,20.022444 
	C398.996277,9.473437 395.506134,6.003141 384.899994,6.002854 
	C262.280640,5.999543 139.661285,5.999477 17.041941,6.002983 
	C6.483150,6.003284 3.003782,9.493300 3.002950,20.080591 
	C2.997692,87.054749 2.998938,154.028900 2.993936,221.384689 
	C2.993416,222.784210 2.996997,223.802094 2.669681,224.873505 
	C1.892522,224.951340 1.446261,224.975662 1.000000,225.000000 
	C1.000000,154.312439 1.000000,83.624878 1.000000,12.468657 
z"/>
<path fill="#80F767" opacity="1.000000" stroke="none" 
	d="
M1.000000,225.468658 
	C1.446261,224.975662 1.892522,224.951340 2.661728,224.963974 
	C2.984673,225.000931 2.954937,225.180252 2.964076,225.636993 
	C2.982304,274.395416 2.991394,322.697083 2.667069,370.998779 
	C1.889104,370.999176 1.444552,370.999603 1.000000,371.000000 
	C1.000000,322.645782 1.000000,274.291534 1.000000,225.468658 
z"/>
<path fill="#81F472" opacity="1.000000" stroke="none" 
	d="
M1.000000,371.468628 
	C1.444552,370.999603 1.889104,370.999176 2.670265,370.996521 
	C3.006876,370.994263 3.017768,370.988861 3.013628,371.458618 
	C3.007928,377.758514 2.977001,383.588776 3.011749,389.418671 
	C3.062820,397.987061 6.997530,401.965302 15.541286,401.983673 
	C30.033073,402.014832 44.525017,401.974396 59.414040,401.969635 
	C60.869495,401.991211 61.927811,402.007202 62.987381,402.325439 
	C62.989410,403.030640 62.990181,403.433594 62.990952,403.836548 
	C46.281242,403.890228 29.571527,403.979370 12.861825,403.977173 
	C7.458412,403.976440 3.975696,400.908386 1.293629,396.169525 
	C1.000000,387.979095 1.000000,379.958191 1.000000,371.468628 
z"/>
<path fill="#80F667" opacity="1.000000" stroke="none" 
	d="
M63.456230,403.903809 
	C62.990181,403.433594 62.989410,403.030640 63.457550,402.318359 
	C171.228088,402.005646 278.529694,402.005554 385.831329,401.993256 
	C395.113525,401.992188 398.990662,398.187836 398.990967,389.048462 
	C398.992584,341.396027 398.968231,293.743591 399.266968,246.073273 
	C400.000214,246.042419 400.419403,246.029434 400.838562,246.016479 
	C400.892578,277.341827 400.956299,308.667206 400.996704,339.992554 
	C401.018402,356.823334 401.034607,373.654236 400.985840,390.484924 
	C400.959991,399.398560 396.353424,403.986145 387.372467,403.987000 
	C279.555481,403.997192 171.738495,403.980652 63.456230,403.903809 
z"/>
<path fill="#87F586" opacity="1.000000" stroke="none" 
	d="
M400.908691,245.620178 
	C400.419403,246.029434 400.000214,246.042419 398.803772,246.044022 
	C391.910736,246.024597 385.788086,246.177856 379.683380,245.914581 
	C377.741241,245.830795 375.846924,244.639069 374.083618,243.666412 
	C375.583038,242.581116 376.933472,241.094513 378.275421,241.102127 
	C385.181030,241.141357 392.084473,241.564255 398.988647,241.853195 
	C399.399048,241.907227 399.809479,241.961258 400.530701,242.025513 
	C400.887299,243.098450 400.933075,244.161163 400.908691,245.620178 
z"/>
<path fill="#5CBFFA" opacity="1.000000" stroke="none" 
	d="
M398.991272,241.394897 
	C392.084473,241.564255 385.181030,241.141357 378.275421,241.102127 
	C376.933472,241.094513 375.583038,242.581116 373.677429,243.684204 
	C371.757233,244.026749 370.396179,244.063568 368.802673,243.793274 
	C363.170715,240.661957 360.186676,241.393112 358.694763,245.990326 
	C357.923859,246.737808 357.411957,247.337326 356.494568,247.959045 
	C354.736237,248.017319 353.383392,248.053406 351.800415,247.785217 
	C346.409912,244.777359 344.187958,245.383072 342.556213,249.887650 
	C340.074463,250.606842 337.989807,251.268402 335.486267,251.956650 
	C333.389648,252.042374 331.711884,252.101395 329.649536,252.103241 
	C326.016937,253.062851 322.864319,255.393265 319.319519,252.741913 
	C319.204224,252.655701 318.399017,253.491913 317.475647,253.916901 
	C313.690979,254.627701 310.346100,255.319763 306.663696,256.141479 
	C303.851501,257.493256 301.376831,258.715332 298.499329,259.960205 
	C295.072021,260.710388 292.047546,261.437744 288.622925,262.108093 
	C286.136414,262.668823 284.050110,263.286530 281.578735,263.940063 
	C276.031616,266.719269 270.874695,268.973083 264.894684,270.050995 
	C258.851318,271.140411 253.402725,275.295471 247.366180,276.725647 
	C241.828140,278.037628 235.970657,276.337341 230.633942,280.687256 
	C226.654587,283.930786 220.984024,285.099396 215.610535,287.097778 
	C211.867233,287.003540 208.580032,287.003540 205.025421,287.003540 
	C205.025421,288.892151 205.025421,290.357727 204.626007,291.887848 
	C203.151489,292.025482 202.076401,292.098541 200.600159,292.112335 
	C199.043274,291.961121 197.797653,292.116150 196.747452,291.734100 
	C192.394775,290.150574 188.105881,288.392487 183.783966,286.723419 
	C181.387222,285.797791 178.890915,285.090851 176.579071,283.991730 
	C168.916443,280.348511 161.433197,276.300690 153.641220,272.969238 
	C150.121597,271.464417 145.835648,271.792511 142.253891,270.383026 
	C136.841049,268.252960 129.881088,270.100037 125.909615,264.156311 
	C125.687531,263.823914 124.623543,264.125031 123.980499,263.991364 
	C120.028648,263.169800 115.905342,262.780365 112.176445,261.360901 
	C104.477783,258.430298 96.692970,255.484268 89.505196,251.525009 
	C83.025658,247.955887 77.080849,243.583740 69.269745,243.523438 
	C68.823975,243.519989 68.385185,242.611313 67.950050,241.718109 
	C67.052773,236.261078 66.278473,236.045700 59.498863,239.042786 
	C53.319920,236.742218 47.658100,234.050537 41.720322,232.289093 
	C32.248734,229.479385 22.593575,227.288467 12.988472,224.450302 
	C11.757355,223.053345 10.689838,221.506149 9.317945,221.157852 
	C7.326566,220.652267 5.115441,221.012238 2.998036,221.003052 
	C2.998938,154.028900 2.997692,87.054749 3.002950,20.080591 
	C3.003782,9.493300 6.483150,6.003284 17.041941,6.002983 
	C139.661285,5.999477 262.280640,5.999543 384.899994,6.002854 
	C395.506134,6.003141 398.996277,9.473437 398.996674,20.022444 
	C398.999390,93.660500 398.995605,167.298553 398.991272,241.394897 
M315.852905,131.014114 
	C317.410095,130.678513 319.079926,130.594238 320.501801,129.956787 
	C323.812744,128.472412 326.846100,126.146782 330.278198,125.202782 
	C336.714844,123.432365 340.685883,118.735352 344.912811,114.265633 
	C348.066132,110.931206 350.165955,107.018433 352.244843,102.832214 
	C354.652985,97.983009 356.897430,93.448837 357.719757,87.676338 
	C358.096039,84.776657 358.472351,81.876976 358.965851,78.191452 
	C358.926788,77.135170 358.887726,76.078896 358.985626,74.170166 
	C358.327362,71.442131 357.669098,68.714104 356.970215,65.141533 
	C357.376923,57.422241 352.517670,51.518848 349.344971,45.269089 
	C347.090881,40.828831 342.450806,37.443836 338.449280,34.097775 
	C335.442810,31.583803 331.909821,29.553968 328.337463,27.899820 
	C324.050232,25.914642 319.472321,24.557106 314.645905,22.234175 
	C311.422913,21.873234 308.199921,21.512291 304.191254,21.034189 
	C303.135162,21.073244 302.079102,21.112299 300.150360,21.014191 
	C297.067474,21.655191 293.984558,22.296192 290.068146,22.987064 
	C279.655609,24.454565 270.863342,28.973545 263.076263,36.959595 
	C259.133545,36.432426 258.785583,38.961594 258.280853,42.225494 
	C253.642563,49.183346 249.241806,56.238865 248.284683,65.403343 
	C247.906906,68.609802 247.529144,71.816254 247.034195,75.808563 
	C247.073257,76.864838 247.112305,77.921112 247.014175,79.849922 
	C247.654694,82.932045 248.295212,86.014175 248.986771,89.930412 
	C249.649887,92.712959 249.859756,95.714058 251.073471,98.231125 
	C253.376648,103.007668 256.254822,107.506943 258.961365,112.922462 
	C258.435791,116.860153 260.953796,117.221481 264.200195,117.693878 
	C267.777649,121.135612 271.288269,124.191917 276.182404,126.313614 
	C281.058807,128.427612 285.589966,130.805115 291.348602,131.766327 
	C294.573425,132.127106 297.798218,132.487869 301.808746,132.965805 
	C302.864838,132.926743 303.920898,132.887680 305.866486,132.985809 
	C308.867676,132.091461 312.654419,134.953644 315.852905,131.014114 
z"/>
<path fill="#5BC0EA" opacity="1.000000" stroke="none" 
	d="
M2.993936,221.384689 
	C5.115441,221.012238 7.326566,220.652267 9.317945,221.157852 
	C10.689838,221.506149 11.757355,223.053345 12.535353,224.511475 
	C9.058178,225.032227 6.006557,225.106247 2.954937,225.180252 
	C2.954937,225.180252 2.984673,225.000931 2.992625,224.910461 
	C2.996997,223.802094 2.993416,222.784210 2.993936,221.384689 
z"/>
<path fill="#72F657" opacity="1.000000" stroke="none" 
	d="
M2.964076,225.636993 
	C6.006557,225.106247 9.058178,225.032227 12.562919,224.897064 
	C22.593575,227.288467 32.248734,229.479385 41.720322,232.289093 
	C47.658100,234.050537 53.319920,236.742218 59.686974,239.358109 
	C62.826645,240.507767 65.384895,241.315842 67.943146,242.123932 
	C68.385185,242.611313 68.823975,243.519989 69.269745,243.523438 
	C77.080849,243.583740 83.025658,247.955887 89.505196,251.525009 
	C96.692970,255.484268 104.477783,258.430298 112.176445,261.360901 
	C115.905342,262.780365 120.028648,263.169800 123.980499,263.991364 
	C124.623543,264.125031 125.687531,263.823914 125.909615,264.156311 
	C129.881088,270.100037 136.841049,268.252960 142.253891,270.383026 
	C145.835648,271.792511 150.121597,271.464417 153.641220,272.969238 
	C161.433197,276.300690 168.916443,280.348511 176.579071,283.991730 
	C178.890915,285.090851 181.387222,285.797791 183.783966,286.723419 
	C188.105881,288.392487 192.394775,290.150574 196.747452,291.734100 
	C197.797653,292.116150 199.043274,291.961121 200.620300,292.497681 
	C202.937317,296.817169 206.418304,297.199829 210.366547,293.957184 
	C212.503326,291.721375 214.284973,289.456726 216.066620,287.192078 
	C220.984024,285.099396 226.654587,283.930786 230.633942,280.687256 
	C235.970657,276.337341 241.828140,278.037628 247.366180,276.725647 
	C253.402725,275.295471 258.851318,271.140411 264.894684,270.050995 
	C270.874695,268.973083 276.031616,266.719269 281.772552,264.243591 
	C283.982117,265.243256 285.612854,265.975189 287.243530,266.707123 
	C287.836731,265.193115 288.429901,263.679108 289.023071,262.165100 
	C292.047546,261.437744 295.072021,260.710388 298.825531,260.159912 
	C305.314850,263.243195 307.685394,262.699310 309.464752,258.129730 
	C312.573120,258.039337 315.236206,257.984436 318.365295,257.951752 
	C320.619812,257.980804 322.425171,257.832855 324.193604,258.024902 
	C328.670410,258.511139 330.592377,256.610474 330.034149,252.160431 
	C331.711884,252.101395 333.389648,252.042374 335.814941,252.159409 
	C342.521210,255.364151 345.690155,254.706223 347.386963,250.114441 
	C349.176666,249.406799 350.603638,248.748154 352.030579,248.089508 
	C353.383392,248.053406 354.736237,248.017319 356.824341,248.160858 
	C363.729034,251.472260 366.904358,250.723007 368.073669,245.650208 
	C368.470551,244.976013 368.752838,244.538208 369.035095,244.100403 
	C370.396179,244.063568 371.757233,244.026749 373.524536,243.972137 
	C375.846924,244.639069 377.741241,245.830795 379.683380,245.914581 
	C385.788086,246.177856 391.910736,246.024597 398.489685,246.061890 
	C398.968231,293.743591 398.992584,341.396027 398.990967,389.048462 
	C398.990662,398.187836 395.113525,401.992188 385.831329,401.993256 
	C278.529694,402.005554 171.228088,402.005646 63.456291,402.016113 
	C61.927811,402.007202 60.869495,401.991211 59.263401,401.667938 
	C53.285656,396.822632 48.681335,390.706390 40.309959,391.785034 
	C39.896538,391.838318 39.275238,391.525177 38.995728,391.182709 
	C35.107628,386.419159 29.668659,384.463470 24.068331,382.714294 
	C23.235466,382.454163 22.606627,381.490112 21.922588,380.812195 
	C16.638674,375.575317 10.772641,371.466980 3.017768,370.988861 
	C3.017768,370.988861 3.006876,370.994263 3.003679,370.996521 
	C2.991394,322.697083 2.982304,274.395416 2.964076,225.636993 
z"/>
<path fill="#76F664" opacity="1.000000" stroke="none" 
	d="
M3.013628,371.458618 
	C10.772641,371.466980 16.638674,375.575317 21.922588,380.812195 
	C22.606627,381.490112 23.235466,382.454163 24.068331,382.714294 
	C29.668659,384.463470 35.107628,386.419159 38.995728,391.182709 
	C39.275238,391.525177 39.896538,391.838318 40.309959,391.785034 
	C48.681335,390.706390 53.285656,396.822632 58.866257,401.662354 
	C44.525017,401.974396 30.033073,402.014832 15.541286,401.983673 
	C6.997530,401.965302 3.062820,397.987061 3.011749,389.418671 
	C2.977001,383.588776 3.007928,377.758514 3.013628,371.458618 
z"/>
<path fill="#EBFA52" opacity="1.000000" stroke="none" 
	d="
M247.151367,78.977386 
	C247.112305,77.921112 247.073257,76.864838 247.475311,75.384232 
	C251.869446,72.866608 252.226471,69.337631 248.926651,64.974365 
	C249.241806,56.238865 253.642563,49.183346 259.005920,42.085144 
	C263.915924,42.562237 264.316528,40.072922 263.877319,36.894131 
	C270.863342,28.973545 279.655609,24.454565 290.811035,23.161964 
	C297.250549,26.258318 299.688660,25.695591 301.023010,21.151354 
	C302.079102,21.112299 303.135162,21.073244 304.616089,21.477074 
	C307.093964,25.892017 311.233887,26.310118 315.020294,22.927797 
	C319.472321,24.557106 324.050232,25.914642 328.337463,27.899820 
	C331.909821,29.553968 335.442810,31.583803 338.449280,34.097775 
	C342.450806,37.443836 347.090881,40.828831 349.344971,45.269089 
	C352.517670,51.518848 357.376923,57.422241 356.692474,65.795166 
	C353.849518,71.715714 354.415070,73.707993 358.848663,75.022614 
	C358.887726,76.078896 358.926788,77.135170 358.524597,78.615784 
	C354.212128,81.009438 353.814941,84.308647 357.003296,88.011261 
	C356.897430,93.448837 354.652985,97.983009 352.244843,102.832214 
	C350.165955,107.018433 348.066132,110.931206 344.912811,114.265633 
	C340.685883,118.735352 336.714844,123.432365 330.278198,125.202782 
	C326.846100,126.146782 323.812744,128.472412 320.501801,129.956787 
	C319.079926,130.594238 317.410095,130.678513 315.209625,130.736206 
	C309.086029,127.701729 306.315765,128.392273 304.976990,132.848633 
	C303.920898,132.887680 302.864838,132.926743 301.384888,132.526886 
	C298.925537,128.160156 296.007843,127.863441 290.972992,131.072220 
	C285.589966,130.805115 281.058807,128.427612 276.182404,126.313614 
	C271.288269,124.191917 267.777649,121.135612 264.072266,116.981567 
	C264.563293,112.083458 262.071777,111.684753 258.894165,112.121391 
	C256.254822,107.506943 253.376648,103.007668 251.073471,98.231125 
	C249.859756,95.714058 249.649887,92.712959 249.208954,89.219727 
	C252.309311,83.138618 251.634415,80.316917 247.151367,78.977386 
z"/>
<path fill="#7EF474" opacity="1.000000" stroke="none" 
	d="
M329.649536,252.103241 
	C330.592377,256.610474 328.670410,258.511139 324.193604,258.024902 
	C322.425171,257.832855 320.619812,257.980804 318.396637,257.550537 
	C317.946472,256.050781 317.930939,254.974457 317.915405,253.898132 
	C318.399017,253.491913 319.204224,252.655701 319.319519,252.741913 
	C322.864319,255.393265 326.016937,253.062851 329.649536,252.103241 
z"/>
<path fill="#101010" opacity="1.000000" stroke="none" 
	d="
M215.610535,287.097809 
	C214.284973,289.456726 212.503326,291.721375 210.211487,293.628784 
	C208.142670,292.788818 206.584045,292.306061 205.025421,291.823303 
	C205.025421,290.357727 205.025421,288.892151 205.025421,287.003540 
	C208.580032,287.003540 211.867233,287.003540 215.610535,287.097809 
z"/>
<path fill="#76E1AF" opacity="1.000000" stroke="none" 
	d="
M317.475647,253.916901 
	C317.930939,254.974457 317.946472,256.050781 317.930664,257.528320 
	C315.236206,257.984436 312.573120,258.039337 309.214630,257.963226 
	C308.013245,257.225403 307.507233,256.618622 307.001221,256.011810 
	C310.346100,255.319763 313.690979,254.627701 317.475647,253.916901 
z"/>
<path fill="#79F565" opacity="1.000000" stroke="none" 
	d="
M306.663696,256.141479 
	C307.507233,256.618622 308.013245,257.225403 308.769379,257.998718 
	C307.685394,262.699310 305.314850,263.243195 299.228394,260.137115 
	C301.376831,258.715332 303.851501,257.493256 306.663696,256.141479 
z"/>
<path fill="#7DF66C" opacity="1.000000" stroke="none" 
	d="
M347.024200,250.163437 
	C345.690155,254.706223 342.521210,255.364151 336.233826,252.132721 
	C337.989807,251.268402 340.074463,250.606842 342.962189,249.935364 
	C344.851562,250.004776 345.937866,250.084106 347.024200,250.163437 
z"/>
<path fill="#79F565" opacity="1.000000" stroke="none" 
	d="
M367.959045,245.886597 
	C366.904358,250.723007 363.729034,251.472260 357.229828,248.138672 
	C357.411957,247.337326 357.923859,246.737808 359.144348,246.040817 
	C362.554993,245.924438 365.257019,245.905518 367.959045,245.886597 
z"/>
<path fill="#D5F160" opacity="1.000000" stroke="none" 
	d="
M305.421753,132.917221 
	C306.315765,128.392273 309.086029,127.701729 314.798340,130.763870 
	C312.654419,134.953644 308.867676,132.091461 305.421753,132.917221 
z"/>
<path fill="#D5F160" opacity="1.000000" stroke="none" 
	d="
M314.833099,22.580986 
	C311.233887,26.310118 307.093964,25.892017 305.008942,21.535652 
	C308.199921,21.512291 311.422913,21.873234 314.833099,22.580986 
z"/>
<path fill="#65CBDB" opacity="1.000000" stroke="none" 
	d="
M368.073669,245.650208 
	C365.257019,245.905518 362.554993,245.924438 359.403381,245.892853 
	C360.186676,241.393112 363.170715,240.661957 368.802673,243.793274 
	C368.752838,244.538208 368.470551,244.976013 368.073669,245.650208 
z"/>
<path fill="#D5F160" opacity="1.000000" stroke="none" 
	d="
M291.160797,131.419281 
	C296.007843,127.863441 298.925537,128.160156 300.992065,132.468307 
	C297.798218,132.487869 294.573425,132.127106 291.160797,131.419281 
z"/>
<path fill="#D5F160" opacity="1.000000" stroke="none" 
	d="
M247.082764,79.413651 
	C251.634415,80.316917 252.309311,83.138618 249.183441,88.802673 
	C248.295212,86.014175 247.654694,82.932045 247.082764,79.413651 
z"/>
<path fill="#D5F160" opacity="1.000000" stroke="none" 
	d="
M248.605667,65.188858 
	C252.226471,69.337631 251.869446,72.866608 247.533905,74.991310 
	C247.529144,71.816254 247.906906,68.609802 248.605667,65.188858 
z"/>
<path fill="#D5F160" opacity="1.000000" stroke="none" 
	d="
M300.586670,21.082771 
	C299.688660,25.695591 297.250549,26.258318 291.227783,23.137028 
	C293.984558,22.296192 297.067474,21.655191 300.586670,21.082771 
z"/>
<path fill="#5FCC49" opacity="1.000000" stroke="none" 
	d="
M204.626007,291.887848 
	C206.584045,292.306061 208.142670,292.788818 209.856354,293.599976 
	C206.418304,297.199829 202.937317,296.817169 201.021439,292.556946 
	C202.076401,292.098541 203.151489,292.025482 204.626007,291.887848 
z"/>
<path fill="#D5F160" opacity="1.000000" stroke="none" 
	d="
M357.361511,87.843796 
	C353.814941,84.308647 354.212128,81.009438 358.466003,79.008698 
	C358.472351,81.876976 358.096039,84.776657 357.361511,87.843796 
z"/>
<path fill="#D5F160" opacity="1.000000" stroke="none" 
	d="
M358.917145,74.596390 
	C354.415070,73.707993 353.849518,71.715714 356.712769,66.217438 
	C357.669098,68.714104 358.327362,71.442131 358.917145,74.596390 
z"/>
<path fill="#66CCDD" opacity="1.000000" stroke="none" 
	d="
M347.386963,250.114441 
	C345.937866,250.084106 344.851562,250.004776 343.359253,249.877731 
	C344.187958,245.383072 346.409912,244.777359 351.800415,247.785233 
	C350.603638,248.748154 349.176666,249.406799 347.386963,250.114441 
z"/>
<path fill="#5EC4E7" opacity="1.000000" stroke="none" 
	d="
M67.950043,241.718109 
	C65.384895,241.315842 62.826645,240.507767 60.080284,239.384369 
	C66.278473,236.045700 67.052773,236.261078 67.950043,241.718109 
z"/>
<path fill="#76F269" opacity="1.000000" stroke="none" 
	d="
M288.622894,262.108093 
	C288.429901,263.679108 287.836731,265.193115 287.243530,266.707123 
	C285.612854,265.975189 283.982117,265.243256 282.157593,264.207764 
	C284.050110,263.286530 286.136414,262.668823 288.622894,262.108093 
z"/>
<path fill="#A1DB9E" opacity="1.000000" stroke="none" 
	d="
M263.476807,36.926865 
	C264.316528,40.072922 263.915924,42.562237 259.312439,41.911755 
	C258.785583,38.961594 259.133545,36.432426 263.476807,36.926865 
z"/>
<path fill="#A1DB9E" opacity="1.000000" stroke="none" 
	d="
M258.927765,112.521927 
	C262.071777,111.684753 264.563293,112.083458 263.910889,116.687714 
	C260.953796,117.221481 258.435791,116.860153 258.927765,112.521927 
z"/>
</svg>
